0    0    0    9980 9999 9980 0    0    0
0    0    0    9970 9970 9970 0    0    0
0    0    0    9950 9950 9950 0    0    0
0    0    0    0    0    0    0    0    0
0    0    0    0    0    0    0    0    0
0    0    0    0    0    0    0    0    0
0    0    0    0    0    0    0    0    0
0    0    0    9999 9999 9999 0    0    0
0    0    0    9999 9999 9999 0    0    0
0    0    0    9999 9999 9999 0    0    0

1190 1240 1200 1200 1200 1200 1200 1240 1190
1200 1220 1200 1210 1200 1210 1200 1220 1200
1190 1220 1200 1200 1200 1200 1200 1220 1190
1210 1220 1200 1200 1200 1200 1200 1220 1210
1220 1250 1220 1260 1200 1260 1220 1250 1220
1230 1240 1230 1240 1230 1240 1230 1240 1230
1230 1230 1240 1230 1230 1230 1240 1230 1230
1230 1230 1230 1230 1240 1230 1230 1230 1230
1230 1240 1230 1230 1240 1230 1230 1240 1230
1250 1250 1230 1250 1240 1250 1230 1250 1250

450  500  500  480  470  480  500  500  450
450  510  510  470  480  470  510  510  450
500  500  540  510  500  510  540  500  500
500  520  520  510  500  510  520  520  500
500  530  540  530  520  530  540  530  500
530  540  540  540  540  530  540  540  530
530  530  540  530  530  530  540  530  530
530  530  540  550  530  550  540  530  530
520  530  550  530  530  530  550  530  520
510  530  540  530  530  530  540  530  510

500  500  510  500  500  500  510  500  500
500  500  500  500  500  500  500  500  500
510  500  510  520  540  520  510  500  510
500  500  500  500  550  500  500  500  500
500  500  500  500  550  500  500  500  500
510  510  510  510  550  510  510  510  510
510  510  510  500  550  500  510  510  510
510  500  510  500  500  500  510  500  510
510  500  510  500  500  500  510  500  510
550  540  500  500  500  500  500  540  550

0    0    0    200  0    200  0    0    0
0    0    0    0    240  0    0    0    0
0    0    0    200  0    200  0    0    0
0    0    0    0    0    0    0    0    0
0    0    0    0    0    0    0    0    0
0    0    0    0    0    0    0    0    0
0    0    0    0    0    0    0    0    0
0    0    0    0    0    0    0    0    0
0    0    0    0    0    0    0    0    0
0    0    0    0    0    0    0    0    0

0    0    210  0    0    0    210  0    0  
0    0    0    0    0    0    0    0    0  
200  0    0    0    250  0    0    0    200
0    0    0    0    0    0    0    0    0  
0    0    200  0    0    0    200  0    0  
0    0    0    0    0    0    0    0    0  
0    0    0    0    0    0    0    0    0  
0    0    0    0    0    0    0    0    0  
0    0    0    0    0    0    0    0    0  
0    0    0    0    0    0    0    0    0  

0    0    0    0    0    0    0    0    0  
0    0    0    0    0    0    0    0    0  
0    0    0    0    0    0    0    0    0  
150  0    150  0    230  0    150  0    150
140  0    170  0    200  0    170  0    140
180  190  200  200  210  200  200  190  180
180  190  200  210  210  210  200  190  180
190  190  200  220  220  220  210  190  190
170  180  200  230  230  230  200  180  170
160  160  190  200  200  200  190  160  160
